H 0.9661 0.4126 6.92 8.831 2.582
He 2.027 0.2931 26.34 6.66 0.3409
Li 1.42 0.49 12.25 32 9.161
Be 2.206 0.51 15.32 0.25 8.995
B 3.691 0.4128 18.48 50.72 9
C 4.232 0.3877 22.99 35 7.993
N 2.51 0.4752 38.26 13.02 1.892
O 1.766 0.5261 37.11 15.24 2.804
F 1.533 0.531 40.44 18.41 2.718
Ne 1.183 0.55 39.83 17.49 4.001
Na 9.894 0.3081 23.65 0.384 92.93
Mg 4.3 0.47 34.3 3.3 12.74
Al 2.5 0.625 45.7 0.1 4.359
Si 2.1 0.65 49.34 1.788 4.133
P 1.729 0.6562 53.41 2.405 3.845
S 1.402 0.6791 58.98 3.528 3.211
Cl 1.117 0.7044 69.69 3.705 2.156
Ar 0.9172 0.724 79.44 3.648 1.646
K 8.554 0.3817 83.61 11.84 1.875
Ca 6.297 0.4622 65.39 10.14 5.036
Sc 5.307 0.4918 61.74 12.4 6.665
Ti 4.71 0.5087 65.28 8.806 5.948
V 6.151 0.4524 83 18.31 2.71
Cr 6.57 0.4322 84.76 15.53 2.779
Mn 5.738 0.4492 84.61 14.18 3.101
Fe 5.013 0.4707 85.58 16.55 3.211
Co 4.32 0.4947 76.14 10.85 5.441
Ni 4.652 0.4571 80.73 22 4.952
Cu 3.114 0.5236 76.67 7.62 6.385
Zn 3.114 0.5236 76.67 7.62 7.502
Ga 3.114 0.5236 76.67 7.62 8.514
Ge 5.746 0.4662 79.24 1.185 7.993
As 2.792 0.6356 106.1 0.2986 2.331
Se 4.667 0.5095 124.3 2.102 1.667
Br 2.44 0.6346 105 0.83 2.851
Kr 1.491 0.7118 120.6 1.101 1.877
Rb 11.72 0.3826 102.8 9.231 4.371
Sr 7.126 0.4804 119.3 5.784 2.454
Y 11.61 0.3955 146.7 7.031 1.423
Zr 10.99 0.41 163.9 7.1 1.052
Nb 9.241 0.4275 163.1 7.954 1.102
Mo 9.276 0.418 157.1 8.038 1.29
Tc 3.999 0.6152 97.6 1.297 5.792
Ru 4.306 0.5658 97.99 5.514 5.754
Rh 3.615 0.6197 86.26 0.333 8.689
Pd 5.8 0.49 147.2 6.903 1.289
Ag 5.6 0.49 130 10 2.844
Cd 3.55 0.6068 124.7 1.112 3.119
In 3.6 0.62 105.8 0.1692 6.026
Sn 5.4 0.53 103.1 3.931 7.767
Sb 3.97 0.6459 131.8 0.2233 2.723
Te 3.65 0.64 126.8 0.6834 3.411
In 3.118 0.6519 164.9 1.208 1.51
Xe 2.031 0.7181 153.1 1.362 1.958
Cs 14.4 0.3923 152.5 8.354 2.597
Ba 10.99 0.4599 138.4 4.811 3.726
La 16.6 0.3773 224.1 6.28 0.9121
Ce 10.54 0.4533 159.3 4.832 2.529
Pr 10.33 0.4502 162 5.132 2.444
Nd 10.15 0.4471 165.6 5.378 2.328
Pm 9.976 0.4439 168 5.721 2.258
Sm 9.804 0.4408 176.2 5.675 1.997
Eu 14.22 0.363 228.4 7.024 1.016
Gd 9.952 0.4318 233.5 5.065 0.9244
Tb 9.272 0.4345 210 4.911 1.258
Dy 10.13 0.4146 225.7 5.525 1.055
Ho 8.949 0.4304 213.3 5.071 1.221
Er 11.94 0.3783 247.2 6.655 0.849
Tm 8.472 0.4405 195.5 4.051 1.604
Yb 8.301 0.4399 203.7 3.667 1.459
Lu 6.567 0.4858 193 2.65 1.66
Hf 5.951 0.4016 196.1 2.662 1.589
Ta 7.495 0.4523 251.4 3.433 0.8619
W 6.335 0.4825 255.1 2.834 0.8228
Re 4.314 0.5558 214.8 2.354 1.263
Os 4.02 0.5681 219.9 2.402 1.191
Ir 3.836 0.5765 210.2 2.742 1.305
Pt 4.68 0.5247 244.7 2.749 0.8962
Au 3.223 0.5883 232.7 2.954 1.05
Hg 2.892 0.6204 208.6 2.415 1.416
Tl 4.728 0.5522 217 3.091 1.386
Pb 6.18 0.52 170 4 3.224
Bi 9 0.47 198 3.8 2.032
Po 2.324 0.6997 216 1.599 1.399
At 1.961 0.7286 223 1.621 1.296
Rn 1.75 0.7427 350.1 0.9789 0.5507
Fr 10.31 0.4613 261.2 4.738 0.9899
Ra 7.962 0.519 235.7 4.347 1.313
Ac 6.227 0.5645 231.9 3.961 1.379
Th 5.246 0.5947 228.6 4.027 1.432
Pa 5.408 0.5811 235.7 3.961 1.358
U 5.218 0.5828 245 3.838 1.25
